HC-128 throughput, CPU against GPU, swept over the reseed mix
state is P[512]+Q[512] = 4 KB per instance; the shipped fill is
40 NextKeys per Init (257 inits, ~10,500 NextKeys)

  CPU
    nextper    threads          rounds/s        inits/s     nextkeys/s
    40         1               3.860e+05      3.860e+05      1.544e+07
    40         30              6.207e+06      6.207e+06      2.483e+08
    0          1               5.022e+05      5.022e+05      0.000e+00
    0          30              8.541e+06      8.541e+06      0.000e+00
    10         1               4.651e+05      4.651e+05      4.651e+06
    10         30              7.856e+06      7.856e+06      7.856e+07
    160        1               2.215e+05      2.215e+05      3.543e+07
    160        30              3.479e+06      3.479e+06      5.567e+08
    640        1               8.215e+04      8.215e+04      5.258e+07
    640        30              1.249e+06      1.249e+06      7.994e+08
    40         1               3.820e+05      3.820e+05      1.528e+07
    40         30              6.286e+06      6.286e+06      2.514e+08

  GPU
    NVIDIA GeForce RTX 3050, 8191 MB, 20 CUs
    kernel against src/crypto/hc128.c: MATCH (gpu ba5022af, cpu ba5022af)
    nextper    work items           rounds/s        inits/s     nextkeys/s
    40         256                 8.647e+04      8.647e+04      3.459e+06
    40         512                 1.777e+05      1.777e+05      7.108e+06
    40         1024                3.533e+05      3.533e+05      1.413e+07
    40         2048                6.987e+05      6.987e+05      2.795e+07
    40         3072                8.852e+05      8.852e+05      3.541e+07
    40         4096                1.027e+06      1.027e+06      4.110e+07
    40         5120                8.461e+05      8.461e+05      3.384e+07
    40         6144                5.964e+05      5.964e+05      2.386e+07
    40         8192                5.063e+05      5.063e+05      2.025e+07
    40         16384               2.875e+05      2.875e+05      1.150e+07
    40         32768               1.869e+05      1.869e+05      7.478e+06
    40         131072              1.896e+05      1.896e+05      7.583e+06
    40         PEAK                1.027e+06  at 4096 items
    0          256                 1.089e+05      1.089e+05      0.000e+00
    0          512                 2.166e+05      2.166e+05      0.000e+00
    0          1024                4.285e+05      4.285e+05      0.000e+00
    0          2048                8.550e+05      8.550e+05      0.000e+00
    0          3072                1.051e+06      1.051e+06      0.000e+00
    0          4096                1.137e+06      1.137e+06      0.000e+00
    0          5120                9.125e+05      9.125e+05      0.000e+00
    0          6144                6.760e+05      6.760e+05      0.000e+00
    0          8192                5.621e+05      5.621e+05      0.000e+00
    0          16384               3.417e+05      3.417e+05      0.000e+00
    0          32768               2.350e+05      2.350e+05      0.000e+00
    0          131072              2.312e+05      2.312e+05      0.000e+00
    0          PEAK                1.137e+06  at 4096 items
    10         256                 1.043e+05      1.043e+05      1.043e+06
    10         512                 2.082e+05      2.082e+05      2.082e+06
    10         1024                4.125e+05      4.125e+05      4.125e+06
    10         2048                8.025e+05      8.025e+05      8.025e+06
    10         3072                9.628e+05      9.628e+05      9.628e+06
    10         4096                1.087e+06      1.087e+06      1.087e+07
    10         5120                8.505e+05      8.505e+05      8.505e+06
    10         6144                6.488e+05      6.488e+05      6.488e+06
    10         8192                5.438e+05      5.438e+05      5.438e+06
    10         16384               3.201e+05      3.201e+05      3.201e+06
    10         32768               2.196e+05      2.196e+05      2.196e+06
    10         131072              2.168e+05      2.168e+05      2.168e+06
    10         PEAK                1.087e+06  at 4096 items
    160        256                 5.731e+04      5.731e+04      9.170e+06
    160        512                 1.156e+05      1.156e+05      1.850e+07
    160        1024                2.271e+05      2.271e+05      3.633e+07
    160        2048                4.530e+05      4.530e+05      7.248e+07
    160        3072                6.063e+05      6.063e+05      9.700e+07
    160        4096                7.794e+05      7.794e+05      1.247e+08
    160        5120                6.959e+05      6.959e+05      1.113e+08
    160        6144                4.497e+05      4.497e+05      7.194e+07
    160        8192                3.889e+05      3.889e+05      6.223e+07
    160        16384               1.955e+05      1.955e+05      3.127e+07
    160        32768               1.264e+05      1.264e+05      2.022e+07
    160        131072              1.196e+05      1.196e+05      1.913e+07
    160        PEAK                7.794e+05  at 4096 items
    640        256                 2.402e+04      2.402e+04      1.537e+07
    640        512                 4.850e+04      4.850e+04      3.104e+07
    640        1024                9.636e+04      9.636e+04      6.167e+07
    640        2048                1.927e+05      1.927e+05      1.233e+08
    640        3072                2.669e+05      2.669e+05      1.708e+08
    640        4096                3.460e+05      3.460e+05      2.214e+08
    640        5120                3.674e+05      3.674e+05      2.351e+08
    640        6144                2.183e+05      2.183e+05      1.397e+08
    640        8192                2.012e+05      2.012e+05      1.288e+08
    640        16384               8.916e+04      8.916e+04      5.707e+07
    640        32768               5.173e+04      5.173e+04      3.311e+07
    640        131072              4.891e+04      4.891e+04      3.130e+07
    640        PEAK                3.674e+05  at 5120 items
    40         256                 8.986e+04      8.986e+04      3.594e+06
    40         512                 1.791e+05      1.791e+05      7.165e+06
    40         1024                3.553e+05      3.553e+05      1.421e+07
    40         2048                7.043e+05      7.043e+05      2.817e+07
    40         3072                8.915e+05      8.915e+05      3.566e+07
    40         4096                1.039e+06      1.039e+06      4.154e+07
    40         5120                8.439e+05      8.439e+05      3.376e+07
    40         6144                5.977e+05      5.977e+05      2.391e+07
    40         8192                5.065e+05      5.065e+05      2.026e+07
    40         16384               2.874e+05      2.874e+05      1.150e+07
    40         32768               1.882e+05      1.882e+05      7.527e+06
    40         131072              1.889e+05      1.889e+05      7.555e+06
    40         PEAK                1.039e+06  at 4096 items

  GPU / CPU by reseed mix, and how much disadvantage the reseeds buy
    nextper      cpu rounds/s   gpu rounds/s       GPU is vs shipped
    40              6.207e+06      1.027e+06       6.04x     1.000x   (shipped)
    0               8.541e+06      1.137e+06       7.51x     1.243x
    10              7.856e+06      1.087e+06       7.23x     1.196x
    160             3.479e+06      7.794e+05       4.46x     0.739x
    640             1.249e+06      3.674e+05       3.40x     0.563x
    40              6.286e+06      1.039e+06       6.05x     1.002x   (shipped)
